{
  "frames": [
    {
      "file_path": "image_000",
      "transform_matrix": [
        [
          -0.0,
          -0.31622776601683794,
          -0.9486832980505138,
          1.5
        ],
        [
          -1.0,
          0.0,
          0.0,
          0.0
        ],
        [
          0.0,
          0.9486832980505138,
          -0.31622776601683794,
          1.0
        ],
        [
          0.0,
          0.0,
          0.0,
          1.0
        ]
      ],
      "fl_x": 800,
      "fl_y": 800,
      "cx": 320,
      "cy": 240
    },
    {
      "file_path": "image_001",
      "transform_matrix": [
        [
          0.7071067811865475,
          -0.223606797749979,
          -0.6708203932499369,
          1.0606601717798214
        ],
        [
          -0.7071067811865476,
          -0.22360679774997896,
          -0.6708203932499368,
          1.0606601717798212
        ],
        [
          0.0,
          0.9486832980505138,
          -0.31622776601683794,
          1.0
        ],
        [
          0.0,
          0.0,
          0.0,
          1.0
        ]
      ],
      "fl_x": 800,
      "fl_y": 800,
      "cx": 320,
      "cy": 240
    },
    {
      "file_path": "image_002",
      "transform_matrix": [
        [
          1.0,
          -1.9363366072701937e-17,
          -5.809009821810581e-17,
          9.184850993605148e-17
        ],
        [
          -6.123233995736766e-17,
          -0.31622776601683794,
          -0.9486832980505138,
          1.5
        ],
        [
          0.0,
          0.9486832980505138,
          -0.31622776601683794,
          1.0
        ],
        [
          0.0,
          0.0,
          0.0,
          1.0
        ]
      ],
      "fl_x": 800,
      "fl_y": 800,
      "cx": 320,
      "cy": 240
    },
    {
      "file_path": "image_003",
      "transform_matrix": [
        [
          0.7071067811865476,
          0.22360679774997896,
          0.6708203932499368,
          -1.0606601717798212
        ],
        [
          0.7071067811865475,
          -0.223606797749979,
          -0.6708203932499369,
          1.0606601717798214
        ],
        [
          -0.0,
          0.9486832980505138,
          -0.31622776601683794,
          1.0
        ],
        [
          0.0,
          0.0,
          0.0,
          1.0
        ]
      ],
      "fl_x": 800,
      "fl_y": 800,
      "cx": 320,
      "cy": 240
    },
    {
      "file_path": "image_004",
      "transform_matrix": [
        [
          1.2246467991473532e-16,
          0.31622776601683794,
          0.9486832980505138,
          -1.5
        ],
        [
          1.0,
          -3.8726732145403873e-17,
          -1.1618019643621161e-16,
          1.8369701987210297e-16
        ],
        [
          -0.0,
          0.9486832980505138,
          -0.31622776601683794,
          1.0
        ],
        [
          0.0,
          0.0,
          0.0,
          1.0
        ]
      ],
      "fl_x": 800,
      "fl_y": 800,
      "cx": 320,
      "cy": 240
    },
    {
      "file_path": "image_005",
      "transform_matrix": [
        [
          -0.7071067811865475,
          0.223606797749979,
          0.6708203932499369,
          -1.0606601717798214
        ],
        [
          0.7071067811865476,
          0.22360679774997896,
          0.6708203932499368,
          -1.0606601717798212
        ],
        [
          0.0,
          0.9486832980505138,
          -0.31622776601683794,
          1.0
        ],
        [
          0.0,
          0.0,
          0.0,
          1.0
        ]
      ],
      "fl_x": 800,
      "fl_y": 800,
      "cx": 320,
      "cy": 240
    },
    {
      "file_path": "image_006",
      "transform_matrix": [
        [
          -1.0,
          5.809009821810581e-17,
          1.7427029465431742e-16,
          -2.755455298081545e-16
        ],
        [
          1.8369701987210297e-16,
          0.31622776601683794,
          0.9486832980505138,
          -1.5
        ],
        [
          0.0,
          0.9486832980505138,
          -0.31622776601683794,
          1.0
        ],
        [
          0.0,
          0.0,
          0.0,
          1.0
        ]
      ],
      "fl_x": 800,
      "fl_y": 800,
      "cx": 320,
      "cy": 240
    },
    {
      "file_path": "image_007",
      "transform_matrix": [
        [
          -0.7071067811865477,
          -0.22360679774997896,
          -0.6708203932499368,
          1.060660171779821
        ],
        [
          -0.7071067811865475,
          0.22360679774997902,
          0.670820393249937,
          -1.0606601717798214
        ],
        [
          0.0,
          0.9486832980505139,
          -0.31622776601683794,
          1.0
        ],
        [
          0.0,
          0.0,
          0.0,
          1.0
        ]
      ],
      "fl_x": 800,
      "fl_y": 800,
      "cx": 320,
      "cy": 240
    }
  ],
  "camera_angle_x": 0.8,
  "camera_angle_y": 0.6
}